0 0.334126984375 0 0.33174603125 0.00514933125 0.3325396828125 0.0216271890625 0.341269840625 0.03398558125 0.3539682546875 0.0370751796875 0.36904761875 0.0350154484375 0.3769841265625 0.023686920312500002 0.377777778125 0.006179196875 0.374603175 0 0.334126984375 0
0 0.48015872968749995 0.20803295624999998 0.477777778125 0.1874356328125 0.4706349203125 0.17610710624999998 0.46349206406250004 0.1719876421875 0.44365079375 0.1740473734375 0.43174603125 0.1925849640625 0.43333333281249997 0.216271884375 0.4484126984375 0.2317198765625 0.46825396875 0.22863027812499997 0.48015872968749995 0.20803295624999998
0 0.5460317453125 0.2986611734375 0.5579365078125 0.2832131828125 0.5571428578125001 0.255406796875 0.5484126984375 0.24304840312499998 0.527777778125 0.240988671875 0.5198412703125 0.24716786875 0.5126984125 0.26158599374999997 0.5126984125 0.2790937171875 0.5190476187499999 0.2924819765625 0.5261904765625001 0.2986611734375 0.5460317453125 0.2986611734375
0 0.6380952375 0.34500515 0.6380952375 0.31719876406249997 0.6301587296875 0.3048403703125 0.609523809375 0.301750771875 0.5952380953125 0.31719876406249997 0.5944444437499999 0.3429454171875 0.6039682546875 0.3573635421875 0.6238095234375 0.360453140625 0.6380952375 0.34500515
0 0.7388888890625 0.37487126718749997 0.741269840625 0.36457260625 0.7396825390624999 0.34706488125 0.7373015875 0.33985581875 0.727777778125 0.3305870234375 0.7079365078125 0.3305870234375 0.7 0.3377960859375 0.6952380953125 0.3491246140625 0.6960317453125 0.37178166875 0.7079365078125 0.387229659375 0.724603175 0.38928939218749997 0.7388888890625 0.37487126718749997
0 0.734126984375 0.4593202890625 0.74444444375 0.45005149375000003 0.75170079375 0.438428425 0.7476190468749999 0.419155509375 0.7388888890625 0.40370751875 0.7317460312499999 0.399588053125 0.7198412703125 0.399588053125 0.7087301593750001 0.4078269828125 0.7039682546875 0.41812564375 0.703174603125 0.43872296562499996 0.7126984125 0.456230690625 0.7238095234374999 0.4603501546875 0.734126984375 0.4593202890625
0 0.40714285781250004 0.43460350156249994 0.41349206406250005 0.423274975 0.41349206406250005 0.399588053125 0.403174603125 0.3841400625 0.384920634375 0.3810504640625 0.36904761875 0.397528321875 0.36904761875 0.42533470624999997 0.38095238125 0.43975283281250005 0.4 0.43975283281250005 0.40714285781250004 0.43460350156249994
0 0.5420634921875 0.423274975 0.540476190625 0.3954685890625 0.5325396828125 0.3841400625 0.525396825 0.3810504640625 0.5071428578125 0.3841400625 0.49603174531249994 0.40370751875 0.49761904687499997 0.42430484062499996 0.5103174609375001 0.43975283281250005 0.5301587296875 0.43872296562499996 0.5420634921875 0.423274975
0 0.5801587296874999 0.37487126718749997 0.5825396828125 0.3635427390625 0.58095238125 0.34706488125 0.5706349203125 0.33264675625 0.553174603125 0.3295571578125 0.54444444375 0.33573635468749996 0.5373015875 0.3501544796875 0.5365079359375 0.3676622046875 0.5452380953125 0.3841400625 0.5642857140624999 0.38928939218749997 0.5801587296874999 0.37487126718749997
0 0.590476190625 0.48609680781250003 0.590476190625 0.477857878125 0.5952380953125 0.4747682796875 0.5896825390625 0.451081359375 0.5793650796875001 0.4407826984375 0.5611111109375 0.4418125640625 0.5484126984375 0.458290421875 0.5492063484374999 0.4809474765625 0.5611111109375 0.49742533437500003 0.58095238125 0.49742533437500003 0.590476190625 0.48609680781250003
0 0.64444444375 0.4933058703125 0.6539682546875001 0.470648815625 0.6515873015625 0.4479917609375 0.6380952375 0.43460350156249994 0.6253968249999999 0.43460350156249994 0.61825396875 0.43872296562499996 0.6126984125 0.44490216250000003 0.6079365078125 0.458290421875 0.6079365078125 0.47167868124999995 0.6142857140625 0.48609680781250003 0.627777778125 0.49433573593749996 0.64444444375 0.4933058703125
0 0.6738095234375 0.5447991765625 0.6769841265625 0.5190525234375001 0.6738095234375 0.5087538625 0.6619047625000001 0.4984552015625 0.64365079375 0.49742533437500003 0.63174603125 0.5180226578125 0.6333333328124999 0.541709578125 0.6460317453125 0.556127703125 0.6579365078125 0.5592173015624999 0.6738095234375 0.5447991765625
0 0.6738095234375 0.622039134375 0.68095238125 0.6107106078125 0.68095238125 0.5839340890625 0.6738095234375 0.5715756953125 0.6666666671875 0.56745623125 0.6571428578125 0.5643666328125 0.6492063484374999 0.568486096875 0.6412698406249999 0.575695159375 0.6357142859375 0.58908341875 0.6380952375 0.612770340625 0.6515873015625 0.6261586 0.665873015625 0.6261586 0.6738095234375 0.622039134375
0 0.5793650796875001 0.55715756875 0.5793650796875001 0.53553038125 0.575396825 0.5262615859374999 0.5666666671875 0.5180226578125 0.552380953125 0.515962925 0.5460317453125 0.5190525234375001 0.5349206343749999 0.53553038125 0.5333333328125 0.5520082390625001 0.54444444375 0.5726055609375 0.5642857140624999 0.5746652937500001 0.5793650796875001 0.55715756875
1 0 0.274974253125 0.003174603125 0.27600411875 0.0206349203125 0.2698249234375 0.0261904765625 0.26364572656249996 0.03095238125 0.248197734375 0.0269841265625 0.2245108140625 0.0206349203125 0.216271884375 0.0103174609375 0.21112255468750002 0 0.21112255468750002 0 0.274974253125
1 0.2166666671875 0.49536560312500005 0.22857142812500003 0.49639546875 0.2380952375 0.4922760046875 0.2492063484375 0.4737384140625 0.247619046875 0.452111225 0.2420634921875 0.44284243125 0.23095238125 0.4356333671875 0.2134920640625 0.43872296562499996 0.20238095312499998 0.456230690625 0.2007936515625 0.46755921718750004 0.203174603125 0.477857878125 0.2071428578125 0.48712667343750005 0.2166666671875 0.49536560312500005
1 0.39365079375 0.666323378125 0.4015873015625 0.6580844484374999 0.40634920625 0.646755921875 0.40634920625 0.6302780640625001 0.403174603125 0.6210092687500001 0.3896825390625 0.608650875 0.3793650796875 0.6076210093750001 0.36984127031249997 0.6117404734375 0.359523809375 0.6292481984375 0.35873015937499997 0.6446961890625 0.3626984125 0.6570545828125 0.375396825 0.6683831109375 0.39365079375 0.666323378125
1 0.674603175 0.746652934375 0.68174603125 0.739443871875 0.6873015875 0.7260556125 0.684920634375 0.7023686921875 0.671428571875 0.6889804328125 0.6539682546875001 0.6889804328125 0.6452380953125 0.6972193609375 0.6396825390624999 0.7095777546875001 0.6388888890625 0.7229660140624999 0.6428571421875 0.7363542734374999 0.6555555562500001 0.7487126671875 0.674603175 0.746652934375
1 0.7880952375 0.32543769375 0.7960317453125 0.321318228125 0.80634920625 0.3048403703125 0.80634920625 0.2832131828125 0.7992063484374999 0.2698249234375 0.7912698406249999 0.26467559218750003 0.78174603125 0.262615859375 0.772222221875 0.2657054578125 0.759523809375 0.282183315625 0.759523809375 0.306900103125 0.7690476187499999 0.321318228125 0.7761904765625001 0.32543769375 0.7880952375 0.32543769375