0 0.13333333281249998 0.16889804375 0.134920634375 0.14418125625 0.13095238125 0.1338825953125 0.1230158734375 0.125643665625 0.103174603125 0.123583934375 0.091269840625 0.1328527296875 0.0873015875 0.14315139062499999 0.0888888890625 0.169927909375 0.103174603125 0.1853759015625 0.121428571875 0.18331616875 0.13333333281249998 0.16889804375
0 0.24444444375000002 0.561277034375 0.24523809531250002 0.547888775 0.240476190625 0.5324407828125 0.22619047656250002 0.5211122546875 0.208730159375 0.524201853125 0.196825396875 0.541709578125 0.1984126984375 0.56745623125 0.2126984125 0.582904221875 0.2325396828125 0.580844490625 0.24444444375000002 0.561277034375
0 0.3706349203125 0.45417095781250005 0.38412698437500004 0.4356333671875 0.38333333281250004 0.41091658124999997 0.37619047656250004 0.3985581875 0.36825396875 0.39340885625 0.35555555625 0.39237899062500003 0.346825396875 0.3964984546875 0.3357142859375 0.41606591093749995 0.3357142859375 0.43254376875 0.33888888906250003 0.4407826984375 0.3515873015625 0.45417095781250005 0.3706349203125 0.45417095781250005
0 0.46666666718750005 0.41194644687500004 0.46666666718750005 0.3831101953125 0.4547619046875 0.3676622046875 0.43492063437499995 0.3676622046875 0.425396825 0.37590113281250004 0.4206349203125 0.38619979375 0.42142857187500005 0.4098867140625 0.434126984375 0.42636457187500004 0.45079365156250006 0.4273944390625 0.46666666718750005 0.41194644687500004
0 0.4857142859375 0.3501544796875 0.49365079375 0.33985581875 0.4952380953125 0.314109165625 0.49047619062500003 0.30278063906249997 0.48015872968749995 0.29351184375 0.4619047625 0.29351184375 0.4539682546875 0.2986611734375 0.446825396875 0.31204943281249997 0.446825396875 0.33676622031250003 0.459523809375 0.35427394375 0.4730158734375 0.3573635421875 0.4857142859375 0.3501544796875
0 0.5484126984375 0.1246138 0.558730159375 0.10195674531250001 0.552380953125 0.077239959375 0.5380952375 0.066941296875 0.5198412703125 0.072090628125 0.509523809375 0.0895983515625 0.509523809375 0.1081359421875 0.5126984125 0.116374871875 0.528571428125 0.12976313125 0.5484126984375 0.1246138
0 0.66825396875 0.09268794999999999 0.671428571875 0.08238928906250001 0.6674603171875 0.05870236875 0.6515873015625 0.04428424375 0.6325396828125001 0.0484037078125 0.6253968249999999 0.0566426359375 0.621428571875 0.0690010296875 0.6238095234375 0.09268794999999999 0.6380952375 0.1081359421875 0.6571428578125 0.106076209375 0.66825396875 0.09268794999999999
0 0.6396825390624999 0.18125643593750002 0.6515873015625 0.1606591140625 0.6492063484374999 0.138002059375 0.6357142859375 0.12255406875 0.61825396875 0.12255406875 0.60555555625 0.1349124609375 0.6023809531250001 0.14418125625 0.6015873015625 0.157569515625 0.6047619046875 0.169927909375 0.6206349203125 0.1853759015625 0.6396825390624999 0.18125643593750002
0 0.7150793656250001 0.209062821875 0.724603175 0.1884655 0.721428571875 0.1658084453125 0.7166666671875 0.157569515625 0.70555555625 0.15139031875 0.6944444437499999 0.15139031875 0.6833333328125 0.157569515625 0.675396825 0.17507724062500002 0.6761904765625 0.1936148296875 0.6896825390625 0.21318228593750002 0.7015873015625 0.21524201875 0.7150793656250001 0.209062821875
0 0.772222221875 0.33264675625 0.778571428125 0.32543769375 0.7833333328125 0.3099897015625 0.778571428125 0.2852729140625 0.765873015625 0.274974253125 0.75555555625 0.2739443875 0.74365079375 0.2790937171875 0.734126984375 0.2966014421875 0.7333333328125 0.3089598359375 0.7373015875 0.3233779609375 0.7523809531250001 0.33676622031250003 0.772222221875 0.33264675625
0 0.8611111109375 0.255406796875 0.86825396875 0.2440782703125 0.86825396875 0.216271884375 0.85555555625 0.1997940265625 0.8357142859375 0.1987641609375 0.8222222218749999 0.21215242031249998 0.8198412703125 0.22039134843750002 0.8198412703125 0.2399588046875 0.8325396828124999 0.25952626093750003 0.8507936515625 0.26158599374999997 0.8611111109375 0.255406796875
0 0.6142857140625 0.5787847578124999 0.6261904765625 0.5592173015624999 0.6246031750000001 0.5365602468749999 0.6119047625 0.5211122546875 0.5928571421875 0.5211122546875 0.58174603125 0.5324407828125 0.578571428125 0.5406797109375 0.577777778125 0.5581874359375 0.58095238125 0.56745623125 0.5960317453124999 0.58187435625 0.6142857140625 0.5787847578124999
0 0.5507936515625 0.639546859375 0.5603174609375 0.6343975281249999 0.5714285718750001 0.6148300718749999 0.56825396875 0.5911431515625 0.5547619046875 0.5777548921875 0.54444444375 0.575695159375 0.5325396828125 0.5798146234375 0.522222221875 0.595262615625 0.522222221875 0.619979403125 0.5325396828125 0.6364572609375 0.5373015875 0.6385169921875 0.5507936515625 0.639546859375
1 0.8373015875 0.4747682796875 0.8460317453125 0.4593202890625 0.8452380953124999 0.43460350156249994 0.841269840625 0.42533470624999997 0.8325396828124999 0.41812564375 0.8142857140625 0.41709577812500004 0.80634920625 0.4222451078125 0.7984126984375 0.4376931 0.7992063484374999 0.4624098859375 0.8119047625 0.4788877453125 0.8301587296875 0.47991761093749996 0.8373015875 0.4747682796875
1 0.515873015625 0.2306900109375 0.5333333328125 0.22657054531249998 0.5452380953125 0.2070030890625 0.54444444375 0.1864057671875 0.5365079359375 0.1730175078125 0.528571428125 0.1678681765625 0.5079365078125 0.1719876421875 0.496825396875 0.19052523125 0.49603174531249994 0.201853759375 0.5 0.216271884375 0.50555555625 0.2245108140625 0.515873015625 0.2306900109375
1 0.2325396828125 0.12976313125 0.247619046875 0.11328527343749999 0.247619046875 0.08341915625 0.23492063437500002 0.0679711640625 0.215873015625 0.066941296875 0.2071428578125 0.0741503609375 0.2007936515625 0.086508753125 0.2 0.1081359421875 0.20634920625 0.12255406875 0.215873015625 0.12976313125 0.2325396828125 0.12976313125
1 0.2079365078125 0.2718846546875 0.2142857140625 0.2657054578125 0.21904761874999998 0.253347065625 0.21984127031249998 0.2378990734375 0.2166666671875 0.22657054531249998 0.2007936515625 0.21215242031249998 0.1888888890625 0.21215242031249998 0.1801587296875 0.21730175 0.1706349203125 0.234809475 0.16984127031250001 0.2492276 0.1738095234375 0.262615859375 0.18809523749999998 0.27600411875 0.2079365078125 0.2718846546875
1 0.074603175 0.1349124609375 0.08174603124999999 0.12976313125 0.0888888890625 0.116374871875 0.0888888890625 0.09268794999999999 0.084126984375 0.08238928906250001 0.075396825 0.0741503609375 0.0571428578125 0.07312049375 0.0484126984375 0.079299690625 0.041269840625 0.09268794999999999 0.041269840625 0.1153450046875 0.04444444375 0.123583934375 0.0571428578125 0.135942328125 0.074603175 0.1349124609375
1 0.0674603171875 0.21215242031249998 0.075396825 0.20391349062500003 0.07936507968749999 0.19155509843750002 0.0801587296875 0.17610710624999998 0.0761904765625 0.162718846875 0.0626984125 0.15139031875 0.0420634921875 0.1534500515625 0.0333333328125 0.162718846875 0.0293650796875 0.1730175078125 0.028571428125 0.1874356328125 0.0333333328125 0.2049433578125 0.0460317453125 0.216271884375 0.0674603171875 0.21215242031249998
1 0.509523809375 0.739443871875 0.5166666671875 0.732234809375 0.5206349203125 0.7209062828125 0.5182539687500001 0.6961894953125001 0.5047619046875 0.6828012359375 0.484126984375 0.68486096875 0.477777778125 0.6910401640625 0.47222222187499996 0.7044284249999999 0.47460317500000004 0.7281153453125 0.4896825390625 0.7435633375 0.5023809531250001 0.7435633375 0.509523809375 0.739443871875