1 0.3119047625 0.21215242031249998 0.322222221875 0.20391349062500003 0.32777777812500003 0.1925849640625 0.328571428125 0.169927909375 0.3142857140625 0.15139031875 0.2984126984375 0.1483007203125 0.28492063437500004 0.15653965 0.2801587296875 0.1658084453125 0.27777777812500004 0.1884655 0.2833333328125 0.2049433578125 0.2920634921875 0.21318228593750002 0.3119047625 0.21215242031249998
1 0.1738095234375 0.1884655 0.17936507968749998 0.1853759015625 0.18650793593749998 0.1730175078125 0.1873015875 0.1462409890625 0.184920634375 0.138002059375 0.1761904765625 0.12873326406250002 0.1666666671875 0.125643665625 0.1507936515625 0.12873326406250002 0.13888888906250002 0.1472708546875 0.13888888906250002 0.169927909375 0.15 0.1874356328125 0.15714285781249998 0.19052523125 0.1738095234375 0.1884655
1 0.16984127031250001 0.5180226578125 0.18095238125 0.4984552015625 0.18174603125 0.484037075 0.177777778125 0.470648815625 0.1666666671875 0.4593202890625 0.1507936515625 0.45726055624999995 0.13412698437499998 0.47270854843750004 0.13174603125 0.49742533437500003 0.1420634921875 0.516992790625 0.1547619046875 0.522142121875 0.16984127031250001 0.5180226578125
1 0.5730158734375 0.40576724999999997 0.584126984375 0.404737384375 0.5984126984375 0.39237899062500003 0.603174603125 0.372811534375 0.596825396875 0.3511843453125 0.578571428125 0.33985581875 0.5603174609375 0.346035015625 0.5515873015625 0.3635427390625 0.5507936515625 0.3769309984375 0.5539682546875 0.3882595265625 0.565079365625 0.40370751875 0.5730158734375 0.40576724999999997
0 0.622222221875 0.13079299687499998 0.6301587296875 0.1277033984375 0.6373015875 0.12255406875 0.64444444375 0.1091658078125 0.6460317453125 0.0947476828125 0.64365079375 0.08238928906250001 0.6301587296875 0.066941296875 0.6111111109375 0.066941296875 0.6039682546875 0.072090628125 0.5960317453124999 0.086508753125 0.596825396875 0.11122554062500001 0.603174603125 0.12255406875 0.6119047625 0.12873326406250002 0.622222221875 0.13079299687499998
0 0.38095238125 0.3903192578125 0.3880952375 0.37590113281250004 0.3865079359375 0.35221421249999996 0.3730158734375 0.33676622031250003 0.3547619046875 0.33676622031250003 0.34444444375 0.346035015625 0.3396825390625 0.3573635421875 0.341269840625 0.3810504640625 0.3539682546875 0.3964984546875 0.3730158734375 0.3964984546875 0.38095238125 0.3903192578125
0 0.44920634843749996 0.314109165625 0.4619047625 0.301750771875 0.465873015625 0.2883625125 0.465079365625 0.274974253125 0.45238095312500004 0.255406796875 0.43174603125 0.25437693125 0.41904761874999996 0.26879505625 0.4166666671875 0.2924819765625 0.42698412656249995 0.3110195671875 0.4357142859375 0.31513903125 0.44920634843749996 0.314109165625
0 0.115873015625 0.6107106078125 0.1230158734375 0.6055612765625 0.13095238125 0.5921730171874999 0.13095238125 0.56745623125 0.11746031718750001 0.54994850625 0.103174603125 0.547888775 0.0960317453125 0.5509783734375 0.08333333281250001 0.5695159624999999 0.08333333281250001 0.5911431515625 0.090476190625 0.6045314109375 0.09920634843750001 0.6107106078125 0.115873015625 0.6107106078125
0 0.578571428125 0.608650875 0.5825396828125 0.5973223484375 0.5825396828125 0.58187435625 0.577777778125 0.568486096875 0.5626984125 0.5581874359375 0.5428571421874999 0.563336765625 0.5333333328125 0.58187435625 0.5357142859375 0.6045314109375 0.5484126984375 0.619979403125 0.56904761875 0.6179196703125001 0.578571428125 0.608650875
0 0.54444444375 0.6797116375 0.5515873015625 0.6714727078125 0.5555555562500001 0.6580844484374999 0.5547619046875 0.6426364578125 0.5507936515625 0.6323377953125 0.5380952375 0.622039134375 0.525396825 0.622039134375 0.515873015625 0.627188465625 0.50634920625 0.64572605625 0.508730159375 0.6683831109375 0.5174603171875 0.6807415031249999 0.5261904765625001 0.68486096875 0.54444444375 0.6797116375
0 0.8746031750000001 0.2790937171875 0.88095238125 0.267765190625 0.88095238125 0.240988671875 0.8769841265625 0.2317198765625 0.8674603171875 0.223480946875 0.8484126984374999 0.223480946875 0.841269840625 0.22863027812499997 0.8333333328125001 0.24304840312499998 0.834126984375 0.266735325 0.846825396875 0.2842430484375 0.8674603171875 0.2842430484375 0.8746031750000001 0.2790937171875
0 0.9706349203125001 0.2327497421875 0.984920634375 0.214212153125 0.984126984375 0.1884655 0.977777778125 0.177136971875 0.9706349203125001 0.1719876421875 0.9507936515625 0.1719876421875 0.9373015875 0.1884655 0.9365079359375 0.21318228593750002 0.9484126984374999 0.2317198765625 0.95634920625 0.234809475 0.9706349203125001 0.2327497421875