1 0.09365079375 0.0885684859375 0.103174603125 0.0813594234375 0.1111111109375 0.060762101562500004 0.10714285781249999 0.038105046875 0.091269840625 0.0247167875 0.072222221875 0.028836251562499998 0.061111110937500004 0.0484037078125 0.0603174609375 0.060762101562500004 0.065873015625 0.078269825 0.08333333281250001 0.09062821875 0.09365079375 0.0885684859375
0 0.34444444375 0.10504634374999999 0.3547619046875 0.09783728124999999 0.3611111109375 0.084449021875 0.3611111109375 0.0617919671875 0.3492063484375 0.04428424375 0.341269840625 0.0411946453125 0.32777777812500003 0.0432543765625 0.32063492031249996 0.0484037078125 0.31349206406249996 0.0628218328125 0.3119047625 0.0762100921875 0.3142857140625 0.0885684859375 0.325396825 0.1029866125 0.34444444375 0.10504634374999999
1 0.4611111109375 0.1864057671875 0.46428571406249997 0.1802265703125 0.46666666718750005 0.1534500515625 0.45555555625000005 0.1338825953125 0.4452380953125 0.12976313125 0.43095238125 0.1328527296875 0.41904761874999996 0.150360453125 0.4198412703125 0.1740473734375 0.43095238125 0.189495365625 0.45079365156250006 0.19155509843750002 0.4611111109375 0.1864057671875
1 0.5166666671875 0.3048403703125 0.5261904765625001 0.28733264687500004 0.524603175 0.266735325 0.5119047625 0.2502574671875 0.4920634921875 0.2492276 0.478571428125 0.266735325 0.47936507968750003 0.29351184375 0.49365079375 0.3099897015625 0.50555555625 0.3110195671875 0.5166666671875 0.3048403703125
1 0.053968254687499995 0.6364572609375 0.054761904687499995 0.61380020625 0.04444444375 0.595262615625 0.0373015875 0.5921730171874999 0.0198412703125 0.595262615625 0.0079365078125 0.612770340625 0.008730159375000001 0.6374871265625 0.021428571875 0.6539649843750001 0.0396825390625 0.6539649843750001 0.053968254687499995 0.6364572609375
1 0.20634920625 0.8918640578125 0.21746031718749997 0.8805355296874999 0.22063492031249998 0.8712667359375 0.21984127031249998 0.8506694124999999 0.2079365078125 0.8331616890625 0.184920634375 0.8331616890625 0.1730158734375 0.849639546875 0.172222221875 0.8722966015625 0.1761904765625 0.8825952625 0.1857142859375 0.8918640578125 0.20634920625 0.8918640578125
0 0.06904761875 0.59629248125 0.07936507968749999 0.5921730171874999 0.0896825390625 0.576725025 0.090476190625 0.556127703125 0.084920634375 0.543769309375 0.074603175 0.534500515625 0.055555556250000006 0.53553038125 0.047619046875 0.54273944375 0.0420634921875 0.5550978375 0.0420634921875 0.575695159375 0.047619046875 0.588053553125 0.0571428578125 0.595262615625 0.06904761875 0.59629248125
0 0.3611111109375 0.4922760046875 0.372222221875 0.48609680781250003 0.3793650796875 0.46961895 0.38015872968750003 0.458290421875 0.37619047656250004 0.44387229687499996 0.3619047625 0.43151390312500004 0.34444444375 0.4335736359375 0.3357142859375 0.44284243125 0.33174603125 0.4531410921875 0.33095238125000004 0.46652935156249997 0.334920634375 0.4788877453125 0.347619046875 0.4912461375 0.3611111109375 0.4922760046875
0 0.565079365625 0.6251287328124999 0.574603175 0.6168898046875 0.5793650796875001 0.60659114375 0.5793650796875001 0.5839340890625 0.56825396875 0.56745623125 0.547619046875 0.5653964984375001 0.540476190625 0.5695159624999999 0.5325396828125 0.582904221875 0.53095238125 0.5993820796875 0.5333333328125 0.6096807421875 0.54444444375 0.6240988671875 0.565079365625 0.6251287328124999
0 0.5126984125 0.7157569515625 0.522222221875 0.70648815625 0.5269841265624999 0.6941297625 0.524603175 0.672502575 0.5174603171875 0.661174046875 0.5103174609375001 0.6570545828125 0.49365079375 0.6570545828125 0.484126984375 0.6652935125 0.478571428125 0.6776519046875 0.47936507968750003 0.700308959375 0.4920634921875 0.7167868171875 0.503174603125 0.7188465500000001 0.5126984125 0.7157569515625
0 0.808730159375 0.4273944390625 0.8206349203125001 0.40885684843750003 0.8214285718750001 0.39340885625 0.81825396875 0.3810504640625 0.8071428578125 0.3686920703125 0.7912698406249999 0.3666323375 0.7841269843750001 0.3697219359375 0.772222221875 0.387229659375 0.7730158734375 0.41091658124999997 0.7841269843750001 0.4273944390625 0.7912698406249999 0.4304840375 0.808730159375 0.4273944390625
0 0.94365079375 0.255406796875 0.94365079375 0.2317198765625 0.9373015875 0.21936148281249998 0.9277777781250001 0.21215242031249998 0.9079365078125001 0.214212153125 0.9 0.22245108125000002 0.8952380953124999 0.234809475 0.896825396875 0.2584963953125 0.9111111109375001 0.274974253125 0.93174603125 0.272914521875 0.94365079375 0.255406796875
0 0.684920634375 0.2698249234375 0.6920634921875 0.26467559218750003 0.7007936515625001 0.2502574671875 0.7007936515625001 0.22760041250000002 0.696825396875 0.2183316171875 0.6857142859375001 0.20803295624999998 0.66904761875 0.20803295624999998 0.6603174609375 0.214212153125 0.653174603125 0.22657054531249998 0.652380953125 0.248197734375 0.6579365078125 0.260556128125 0.66904761875 0.2698249234375 0.684920634375 0.2698249234375
0 0.5761904765625 0.253347065625 0.58174603125 0.248197734375 0.5873015875 0.2327497421875 0.5833333328125 0.20803295624999998 0.5674603171875 0.19567456249999998 0.5484126984375 0.2008238921875 0.5388888890625 0.2183316171875 0.5388888890625 0.234809475 0.5428571421874999 0.24613800156250001 0.5571428578125001 0.2574665296875 0.5761904765625 0.253347065625
0 0.6388888890625 0.059732234375000005 0.6380952375 0.032955715625 0.6238095234375 0.0175077234375 0.6039682546875 0.018537590625 0.591269840625 0.0360453140625 0.591269840625 0.059732234375000005 0.6047619046875 0.077239959375 0.6253968249999999 0.077239959375 0.6388888890625 0.059732234375000005
0 0.425396825 0.30072090625 0.4396825390625 0.282183315625 0.4388888890625 0.2574665296875 0.42619047656250003 0.2420185375 0.408730159375 0.240988671875 0.4 0.24716786875 0.3928571421875 0.260556128125 0.3928571421875 0.28115345 0.3960317453125 0.2893923796875 0.408730159375 0.301750771875 0.425396825 0.30072090625
0 0.4888888890625 0.2420185375 0.5015873015625 0.22657054531249998 0.5039682546875001 0.216271884375 0.5023809531250001 0.2008238921875 0.4984126984375 0.19155509843750002 0.49047619062500003 0.184346034375 0.4730158734375 0.182286303125 0.46428571406249997 0.1853759015625 0.45555555625000005 0.20288362499999998 0.45555555625000005 0.221421215625 0.45873015937500006 0.22966014375000002 0.4706349203125 0.2420185375 0.4888888890625 0.2420185375