1 0.33095238125000004 0.240988671875 0.340476190625 0.23686920625000002 0.3507936515625 0.22039134843750002 0.3492063484375 0.1925849640625 0.341269840625 0.18125643593750002 0.3333333328125 0.177136971875 0.3142857140625 0.18125643593750002 0.3039682546875 0.1977342953125 0.303174603125 0.21730175 0.309523809375 0.2317198765625 0.31904761875 0.2399588046875 0.33095238125000004 0.240988671875
1 0.252380953125 0.3130793 0.2619047625 0.3048403703125 0.2666666671875 0.294541709375 0.2666666671875 0.2708547890625 0.26031746093749997 0.2584963953125 0.2515873015625 0.2523171984375 0.2325396828125 0.253347065625 0.21984127031249998 0.2708547890625 0.21984127031249998 0.295571575 0.22857142812500003 0.3099897015625 0.23571428593750002 0.314109165625 0.252380953125 0.3130793
1 0.171428571875 0.216271884375 0.1801587296875 0.20597322343750002 0.184920634375 0.1936148296875 0.1833333328125 0.1730175078125 0.1761904765625 0.1606591140625 0.1674603171875 0.15550978437500002 0.1492063484375 0.15653965 0.1396825390625 0.1658084453125 0.13412698437499998 0.177136971875 0.13730158750000002 0.201853759375 0.14365079375 0.21215242031249998 0.153174603125 0.2183316171875 0.171428571875 0.216271884375
1 0.825396825 0.516992790625 0.841269840625 0.5056642640625 0.8460317453125 0.4912461375 0.8460317453125 0.4788877453125 0.8373015875 0.4593202890625 0.81825396875 0.4531410921875 0.8079365078125 0.45726055624999995 0.8 0.46652935156249997 0.797619046875 0.4922760046875 0.8 0.5015447984375 0.808730159375 0.5128733265625 0.825396825 0.516992790625
0 0.978571428125 0.4531410921875 0.9857142859374999 0.44387229687499996 0.9888888890624999 0.419155509375 0.977777778125 0.3985581875 0.9626984125 0.39340885625 0.9547619046875001 0.3954685890625 0.940476190625 0.41194644687500004 0.9388888890624999 0.43460350156249994 0.95 0.45417095781250005 0.96825396875 0.458290421875 0.978571428125 0.4531410921875
0 0.7039682546875 0.3769309984375 0.7174603171875 0.35839340937499997 0.7166666671875 0.3347064875 0.703174603125 0.3182286296875 0.6920634921875 0.3161688984375 0.6825396828125 0.31925849687499996 0.6698412703125001 0.3377960859375 0.6698412703125001 0.35839340937499997 0.6761904765625 0.37178166875 0.6825396828125 0.3769309984375 0.7039682546875 0.3769309984375
0 0.797619046875 0.465499484375 0.7960317453125 0.43460350156249994 0.7825396828125 0.419155509375 0.772222221875 0.41709577812500004 0.758730159375 0.423274975 0.75 0.4407826984375 0.7507936515625 0.46138002031249997 0.7642857140625 0.4788877453125 0.7833333328125 0.4788877453125 0.797619046875 0.465499484375
0 0.6515873015625 0.5602471671875 0.6642857140625 0.5447991765625 0.6666666671875 0.534500515625 0.665079365625 0.5200823890625 0.652380953125 0.5015447984375 0.63174603125 0.5015447984375 0.61904761875 0.516992790625 0.6166666671875001 0.5262615859374999 0.61825396875 0.54273944375 0.6301587296875 0.5602471671875 0.6515873015625 0.5602471671875
0 0.6261904765625 0.746652934375 0.6261904765625 0.7209062828125 0.6134920640625 0.7044284249999999 0.5920634921875 0.7044284249999999 0.5801587296874999 0.719876415625 0.5801587296874999 0.7476828015625 0.5928571421875 0.76313079375 0.6134920640625 0.76313079375 0.6261904765625 0.746652934375
0 0.6111111109375 0.6210092687500001 0.622222221875 0.5993820796875 0.61904761875 0.5787847578124999 0.6134920640625 0.5695159624999999 0.6047619046875 0.5643666328125 0.5928571421875 0.563336765625 0.5825396828125 0.568486096875 0.5730158734375 0.5859938203125 0.574603175 0.608650875 0.58095238125 0.6189495359375 0.591269840625 0.6251287328124999 0.6111111109375 0.6210092687500001
0 0.33809523750000003 0.58187435625 0.347619046875 0.5777548921875 0.35873015937499997 0.55715756875 0.3547619046875 0.5314109171875 0.341269840625 0.5190525234375001 0.322222221875 0.522142121875 0.3103174609375 0.5406797109375 0.3103174609375 0.5602471671875 0.31349206406249996 0.568486096875 0.3261904765625 0.580844490625 0.33809523750000003 0.58187435625
0 0.5142857140625 0.3810504640625 0.524603175 0.3625128734375 0.521428571875 0.3377960859375 0.5079365078125 0.3244078265625 0.49365079375 0.3244078265625 0.48650793593749997 0.3285272921875 0.478571428125 0.338825953125 0.4761904765625 0.3480947484375 0.478571428125 0.37178166875 0.4857142859375 0.3810504640625 0.49603174531249994 0.38619979375 0.5142857140625 0.3810504640625
0 0.46904761875 0.2780638515625 0.48095238125 0.25643666249999997 0.478571428125 0.23583934062499998 0.4730158734375 0.22657054531249998 0.4626984125 0.21936148281249998 0.44365079375 0.22245108125000002 0.43174603125 0.240988671875 0.4325396828125 0.262615859375 0.4396825390625 0.27600411875 0.45079365156250006 0.282183315625 0.46904761875 0.2780638515625
0 0.5626984125 0.0998970140625 0.5706349203125 0.086508753125 0.5706349203125 0.0638517 0.565873015625 0.052523171874999997 0.55634920625 0.04428424375 0.5373015875 0.04428424375 0.53095238125 0.0484037078125 0.522222221875 0.0638517 0.5230158734375 0.086508753125 0.5349206343749999 0.10401647812499999 0.5515873015625 0.1071060765625 0.5626984125 0.0998970140625
0 0.40714285781250004 0.2317198765625 0.40714285781250004 0.2049433578125 0.39444444375 0.1884655 0.3730158734375 0.189495365625 0.36587301562499996 0.196704428125 0.3603174609375 0.21009268749999999 0.3619047625 0.2306900109375 0.3730158734375 0.24716786875 0.39365079375 0.248197734375 0.40714285781250004 0.2317198765625
0 0.13333333281249998 0.184346034375 0.13412698437499998 0.1740473734375 0.1293650796875 0.157569515625 0.11507936562500001 0.1421215234375 0.0952380953125 0.14418125625 0.08333333281250001 0.1616889796875 0.08333333281250001 0.1853759015625 0.097619046875 0.20391349062500003 0.11507936562500001 0.20391349062500003 0.13333333281249998 0.184346034375
0 0.07936507968749999 0.3769309984375 0.0896825390625 0.37178166875 0.09920634843750001 0.353244078125 0.09920634843750001 0.33676622031250003 0.0952380953125 0.32543769375 0.08333333281250001 0.314109165625 0.065873015625 0.314109165625 0.053968254687499995 0.32543769375 0.05 0.33573635468749996 0.0507936515625 0.3573635421875 0.055555556250000006 0.3676622046875 0.065079365625 0.37590113281250004 0.07936507968749999 0.3769309984375
0 0.22857142812500003 0.47682801250000006 0.23571428593750002 0.4685890828125 0.2396825390625 0.4552008234375 0.23571428593750002 0.43254376875 0.22857142812500003 0.423274975 0.21984127031249998 0.419155509375 0.20238095312499998 0.423274975 0.19126984062500002 0.44284243125 0.19365079375 0.46652935156249997 0.2079365078125 0.4809474765625 0.21825396874999997 0.48197734218750005 0.22857142812500003 0.47682801250000006