0 0.3642857140625 0.24304840312499998 0.3730158734375 0.234809475 0.3769841265625 0.2245108140625 0.3769841265625 0.20288362499999998 0.3730158734375 0.1925849640625 0.3626984125 0.184346034375 0.3452380953125 0.184346034375 0.33888888906250003 0.1884655 0.33015872968750004 0.20391349062500003 0.33095238125000004 0.22657054531249998 0.33809523750000003 0.2389289390625 0.3452380953125 0.2440782703125 0.3642857140625 0.24304840312499998
0 0.4079365078125 0.40370751875 0.42142857187500005 0.3954685890625 0.42936507968750004 0.37796086562500003 0.42698412656249995 0.3563336765625 0.4198412703125 0.34500515 0.41111111093749997 0.340885684375 0.3928571421875 0.3429454171875 0.38095238125 0.360453140625 0.3825396828125 0.387229659375 0.3880952375 0.3964984546875 0.4007936515625 0.40370751875 0.4079365078125 0.40370751875
0 0.48015872968749995 0.3285272921875 0.4928571421875 0.3110195671875 0.4928571421875 0.2883625125 0.48095238125 0.2708547890625 0.4611111109375 0.2698249234375 0.4539682546875 0.274974253125 0.44603174531249995 0.2893923796875 0.44603174531249995 0.3099897015625 0.44920634843749996 0.3182286296875 0.46031746093750003 0.3295571578125 0.48015872968749995 0.3285272921875
0 0.6111111109375 0.24304840312499998 0.61904761875 0.2317198765625 0.622222221875 0.22039134843750002 0.6206349203125 0.20597322343750002 0.6142857140625 0.1925849640625 0.5992063484375 0.1853759015625 0.5825396828125 0.19052523125 0.5730158734375 0.209062821875 0.575396825 0.2317198765625 0.58095238125 0.240988671875 0.5920634921875 0.248197734375 0.6111111109375 0.24304840312499998
0 0.6412698406249999 0.170957775 0.6547619046875 0.1534500515625 0.6547619046875 0.1277033984375 0.646825396875 0.11431513906249999 0.6396825390624999 0.110195675 0.622222221875 0.110195675 0.6126984125 0.11843460312500001 0.6071428578125 0.12976313125 0.6071428578125 0.1524201859375 0.6166666671875001 0.1678681765625 0.6230158734375 0.1719876421875 0.6412698406249999 0.170957775
0 0.8007936515624999 0.306900103125 0.8079365078125 0.30381050468750004 0.8166666671874999 0.294541709375 0.8206349203125001 0.2842430484375 0.81825396875 0.2574665296875 0.809523809375 0.24613800156250001 0.802380953125 0.24304840312499998 0.7825396828125 0.24716786875 0.772222221875 0.26364572656249996 0.7730158734375 0.28630278124999997 0.7761904765625001 0.294541709375 0.7865079359375 0.3048403703125 0.8007936515624999 0.306900103125
0 0.86904761875 0.3511843453125 0.878571428125 0.3419155515625 0.8825396828125 0.33264675625 0.884126984375 0.3161688984375 0.88095238125 0.3048403703125 0.86825396875 0.2904222453125 0.8507936515625 0.2904222453125 0.8357142859375 0.306900103125 0.834920634375 0.33161688906250003 0.8388888890624999 0.3419155515625 0.8484126984374999 0.3511843453125 0.86904761875 0.3511843453125
0 0.925396825 0.2255406796875 0.9301587296875 0.216271884375 0.9293650796874999 0.189495365625 0.915873015625 0.1730175078125 0.8920634921874999 0.17507724062500002 0.88174603125 0.1925849640625 0.88174603125 0.21524201875 0.8960317453125001 0.23377960937500003 0.9119047625000001 0.23583934062499998 0.925396825 0.2255406796875
0 0.58095238125 0.6107106078125 0.5896825390625 0.5921730171874999 0.5896825390625 0.5798146234375 0.5833333328125 0.5643666328125 0.5706349203125 0.556127703125 0.5515873015625 0.5602471671875 0.5412698406249999 0.5798146234375 0.540476190625 0.5911431515625 0.5460317453125 0.608650875 0.5634920640625001 0.6179196703125001 0.58095238125 0.6107106078125
0 0.5515873015625 0.6539649843750001 0.5539682546875 0.6333676625 0.547619046875 0.6107106078125 0.5325396828125 0.6076210093750001 0.5174603171875 0.6107106078125 0.509523809375 0.6189495359375 0.50555555625 0.6292481984375 0.50634920625 0.6508753859375 0.5198412703125 0.6683831109375 0.5380952375 0.6683831109375 0.5515873015625 0.6539649843750001
0 0.1642857140625 0.5983522140625 0.1801587296875 0.5798146234375 0.1769841265625 0.5581874359375 0.165873015625 0.5406797109375 0.14444444375 0.5396498453125 0.13095238125 0.556127703125 0.1301587296875 0.5798146234375 0.13412698437499998 0.5901132859375 0.1452380953125 0.5993820796875 0.1642857140625 0.5983522140625
0 0.22460317500000002 0.6096807421875 0.2301587296875 0.595262615625 0.22698412656250003 0.5726055609375 0.2134920640625 0.5581874359375 0.196825396875 0.5592173015624999 0.18095238125 0.5777548921875 0.184920634375 0.60659114375 0.1992063484375 0.619979403125 0.21746031718749997 0.6168898046875 0.22460317500000002 0.6096807421875
0 0.0619047625 0.18125643593750002 0.07936507968749999 0.17610710624999998 0.0857142859375 0.16889804375 0.091269840625 0.1534500515625 0.091269840625 0.1421215234375 0.0873015875 0.1318228625 0.0738095234375 0.11843460312500001 0.053174603125 0.1204943359375 0.041269840625 0.14006179218749998 0.040476190625000005 0.1534500515625 0.0452380953125 0.16889804375 0.0507936515625 0.17610710624999998 0.0619047625 0.18125643593750002
1 0.2952380953125 0.1936148296875 0.3047619046875 0.177136971875 0.3039682546875 0.15550978437500002 0.291269840625 0.138002059375 0.27777777812500004 0.135942328125 0.26746031718749996 0.1410916578125 0.25952380937499997 0.15139031875 0.2571428578125 0.1606591140625 0.26031746093749997 0.1853759015625 0.27063492031249997 0.196704428125 0.278571428125 0.1997940265625 0.2952380953125 0.1936148296875
1 0.2047619046875 0.8537590109375 0.22063492031249998 0.8506694124999999 0.23492063437500002 0.8331616890625 0.241269840625 0.83110195625 0.24444444375000002 0.8341915546875001 0.2484126984375 0.8238928937500001 0.247619046875 0.8135942328124999 0.23571428593750002 0.8115344999999999 0.22857142812500003 0.797116375 0.215873015625 0.7878475796875 0.2 0.7888774453125 0.190476190625 0.796086509375 0.1857142859375 0.805355303125 0.1833333328125 0.8259526265625 0.18650793593749998 0.8372811531250001 0.190476190625 0.844490215625 0.2047619046875 0.8537590109375
1 0.865079365625 0.177136971875 0.8738095234375001 0.1781668390625 0.8888888890625 0.1719876421875 0.8960317453125001 0.157569515625 0.8960317453125001 0.1338825953125 0.890476190625 0.12255406875 0.8793650796874999 0.11431513906249999 0.8611111109375 0.116374871875 0.8484126984374999 0.1349124609375 0.846825396875 0.1483007203125 0.8492063484375001 0.15962924843749998 0.8571428578125 0.1719876421875 0.865079365625 0.177136971875
0 0.6547619046875 0 0.6412698406249999 0.0175077234375 0.6412698406249999 0.040164778125 0.6547619046875 0.059732234375000005 0.674603175 0.059732234375000005 0.684920634375 0.050463439062500004 0.6888888890625 0.040164778125 0.6888888890625 0.0175077234375 0.68095238125 0.0041194640625 0.6738095234375 0 0.6547619046875 0