0 0.41507936562500003 0.077239959375 0.4230158734375 0.066941296875 0.42619047656250003 0.055612770312500004 0.4238095234375 0.0360453140625 0.408730159375 0.020597321874999998 0.3880952375 0.0247167875 0.377777778125 0.0432543765625 0.38015872968750003 0.066941296875 0.39365079375 0.0813594234375 0.40396825468750003 0.08238928906250001 0.41507936562500003 0.077239959375
0 0.6452380953125 0.24304840312499998 0.65 0.2306900109375 0.65 0.216271884375 0.6460317453125 0.20597322343750002 0.63174603125 0.1936148296875 0.621428571875 0.1925849640625 0.6126984125 0.1977342953125 0.603174603125 0.21318228593750002 0.6047619046875 0.2389289390625 0.61825396875 0.253347065625 0.6365079359375 0.2512873328125 0.6452380953125 0.24304840312499998
0 0.78095238125 0.066941296875 0.7920634921875 0.0484037078125 0.790476190625 0.0247167875 0.7849206343749999 0.0154479921875 0.774603175 0.0082389296875 0.7547619046875 0.0113285265625 0.7476190468749999 0.018537590625 0.7428571421875 0.03192585 0.7452380953125 0.0545829046875 0.7515873015625 0.064881565625 0.7634920640625 0.072090628125 0.78095238125 0.066941296875
0 0.5698412703125 0.314109165625 0.5801587296874999 0.314109165625 0.5952380953125 0.30278063906249997 0.6 0.28630278124999997 0.596825396875 0.2698249234375 0.590476190625 0.25952626093750003 0.5730158734375 0.253347065625 0.5603174609375 0.260556128125 0.5555555562500001 0.267765190625 0.552380953125 0.274974253125 0.552380953125 0.2924819765625 0.5603174609375 0.30792996875 0.5698412703125 0.314109165625
0 0.652380953125 0.30278063906249997 0.6515873015625 0.28630278124999997 0.646825396875 0.274974253125 0.63174603125 0.26467559218750003 0.6174603171874999 0.26879505625 0.6047619046875 0.28630278124999997 0.6071428578125 0.3089598359375 0.6230158734375 0.32543769375 0.6428571421875 0.321318228125 0.652380953125 0.30278063906249997
0 0.7460317453124999 0.39340885625 0.7484126984375 0.3769309984375 0.7452380953125 0.36457260625 0.7357142859375 0.35221421249999996 0.7166666671875 0.3501544796875 0.7007936515625001 0.3686920703125 0.7015873015625 0.39340885625 0.7134920640625 0.40885684843750003 0.734920634375 0.4078269828125 0.7460317453124999 0.39340885625
0 0.690476190625 0.45417095781250005 0.7047619046875 0.4356333671875 0.7047619046875 0.41091658124999997 0.691269840625 0.3964984546875 0.6698412703125001 0.3985581875 0.6619047625000001 0.4098867140625 0.6579365078125 0.419155509375 0.658730159375 0.4335736359375 0.6698412703125001 0.452111225 0.690476190625 0.45417095781250005
0 0.8293650796875 0.46138002031249997 0.8357142859375 0.4479917609375 0.834126984375 0.42430484062499996 0.8301587296875 0.4150360453125 0.8222222218749999 0.40885684843750003 0.802380953125 0.40885684843750003 0.79444444375 0.4150360453125 0.7888888890625 0.4273944390625 0.7896825390625 0.451081359375 0.8015873015625001 0.46652935156249997 0.8206349203125001 0.46755921718750004 0.8293650796875 0.46138002031249997
0 0.6555555562500001 0.46961895 0.6539682546875001 0.44284243125 0.6428571421875 0.43151390312500004 0.6230158734375 0.43254376875 0.6142857140625 0.4407826984375 0.6103174609375001 0.45005149375000003 0.6119047625 0.4737384140625 0.6269841265625 0.48918640625 0.6420634921875 0.4912461375 0.6555555562500001 0.46961895
0 0.584920634375 0.49742533437500003 0.5952380953125 0.48609680781250003 0.5984126984375 0.47167868124999995 0.59365079375 0.451081359375 0.5801587296874999 0.43975283281250005 0.5722222218749999 0.43872296562499996 0.5603174609375 0.44490216250000003 0.5515873015625 0.4624098859375 0.5507936515625 0.47270854843750004 0.5555555562500001 0.4881565390625 0.56825396875 0.49948506718749996 0.584920634375 0.49742533437500003
0 0.5428571421874999 0.423274975 0.5428571421874999 0.3944387234375 0.5380952375 0.3841400625 0.5325396828125 0.3810504640625 0.5119047625 0.380020596875 0.5039682546875001 0.387229659375 0.4984126984375 0.4006179203125 0.5 0.423274975 0.5126984125 0.4376931 0.53174603125 0.436663234375 0.5428571421874999 0.423274975
0 0.58174603125 0.37487126718749997 0.5833333328125 0.3491246140625 0.5793650796875001 0.33985581875 0.5706349203125 0.33161688906250003 0.553174603125 0.3305870234375 0.5452380953125 0.33676622031250003 0.5388888890625 0.3491246140625 0.5380952375 0.3697219359375 0.5484126984375 0.38619979375 0.5666666671875 0.38928939218749997 0.58174603125 0.37487126718749997
0 0.359523809375 0.4078269828125 0.36666666718749996 0.3954685890625 0.36666666718749996 0.372811534375 0.3626984125 0.3635427390625 0.3547619046875 0.3563336765625 0.3357142859375 0.3553038109375 0.32777777812500003 0.3614830078125 0.32142857187499996 0.372811534375 0.32142857187499996 0.3964984546875 0.334920634375 0.4129763125 0.352380953125 0.4129763125 0.359523809375 0.4078269828125
0 0.66904761875 0.5406797109375 0.671428571875 0.53038105 0.6698412703125001 0.5128733265625 0.6579365078125 0.49742533437500003 0.6396825390624999 0.49536560312500005 0.6261904765625 0.514933059375 0.6261904765625 0.5386199796875 0.6388888890625 0.5550978375 0.6579365078125 0.5550978375 0.66904761875 0.5406797109375
0 0.56904761875 0.5715756953125 0.5801587296874999 0.5530381046875 0.5801587296874999 0.5396498453125 0.5761904765625 0.5272914515625 0.565079365625 0.516992790625 0.54444444375 0.5200823890625 0.5349206343749999 0.5365602468749999 0.5357142859375 0.5581874359375 0.54444444375 0.5715756953125 0.553174603125 0.575695159375 0.56904761875 0.5715756953125
0 0.5642857140624999 0.6519052515625 0.5722222218749999 0.6385169921875 0.5722222218749999 0.6148300718749999 0.5571428578125001 0.5973223484375 0.540476190625 0.5983522140625 0.5269841265624999 0.6168898046875 0.5269841265624999 0.6385169921875 0.5357142859375 0.6519052515625 0.54365079375 0.6570545828125 0.5642857140624999 0.6519052515625
0 0.4388888890625 0.70648815625 0.44444444375 0.693099896875 0.4452380953125 0.6797116375 0.4420634921875 0.6683831109375 0.43809523749999996 0.661174046875 0.428571428125 0.65499485 0.41031746093750004 0.6570545828125 0.4015873015625 0.666323378125 0.3984126984375 0.6755921734375 0.4 0.69927909375 0.41349206406250005 0.7136972187499999 0.43095238125 0.712667353125 0.4388888890625 0.70648815625
1 0.18095238125 0.5077239953125 0.1952380953125 0.48918640625 0.19365079375 0.4624098859375 0.18174603125 0.44902162656250005 0.16190476250000002 0.45005149375000003 0.153174603125 0.458290421875 0.1492063484375 0.46755921718750004 0.1507936515625 0.49433573593749996 0.1611111109375 0.5066941296875 0.16904761875000002 0.5097837281250001 0.18095238125 0.5077239953125
1 0.5492063484374999 0.21524201875 0.5539682546875 0.2049433578125 0.5555555562500001 0.19052523125 0.552380953125 0.1781668390625 0.540476190625 0.16477857812500002 0.5206349203125 0.1658084453125 0.508730159375 0.18125643593750002 0.508730159375 0.20803295624999998 0.521428571875 0.223480946875 0.540476190625 0.223480946875 0.5492063484374999 0.21524201875
1 0.6777777781250001 0 0.6769841265625 0.0030895984375 0.6769841265625 0.0226570546875 0.690476190625 0.0422245109375 0.7103174609375 0.0422245109375 0.7238095234374999 0.02677651875 0.7261904765625 0.0154479921875 0.7238095234374999 0 0.6777777781250001 0
1 0.6857142859375001 0.776519053125 0.6888888890625 0.766220390625 0.6888888890625 0.7538619984375 0.684920634375 0.7425334703125 0.671428571875 0.7301750765625 0.6619047625000001 0.7291452109375001 0.6492063484374999 0.7353244078125 0.640476190625 0.75283213125 0.6420634921875 0.7754891859375 0.6571428578125 0.790937178125 0.6738095234375 0.7899073125 0.6857142859375001 0.776519053125