1 0.334126984375 0.072090628125 0.3492063484375 0.0638517 0.353174603125 0.05149330625 0.35793650781249997 0.0484037078125 0.35793650781249997 0.032955715625 0.3484126984375 0.0154479921875 0.334126984375 0.00514933125 0.315873015625 0.0082389296875 0.3039682546875 0.025746653125 0.302380953125 0.045314109375 0.30634920625 0.057672503124999996 0.322222221875 0.07312049375 0.334126984375 0.072090628125
1 0.54365079375 0.49021627187499994 0.5507936515625 0.48609680781250003 0.5619047625 0.46652935156249997 0.559523809375 0.44490216250000003 0.552380953125 0.43460350156249994 0.54365079375 0.4294541703125 0.524603175 0.4335736359375 0.5142857140625 0.451081359375 0.5134920640625 0.46652935156249997 0.5166666671875 0.47682801250000006 0.53095238125 0.49021627187499994 0.54365079375 0.49021627187499994
1 0.521428571875 0.5262615859374999 0.521428571875 0.4984552015625 0.5103174609375001 0.485066940625 0.4888888890625 0.485066940625 0.4761904765625 0.5015447984375 0.4769841265625 0.5262615859374999 0.4896825390625 0.54273944375 0.50634920625 0.543769309375 0.521428571875 0.5262615859374999
0 0.5611111109375 0.6148300718749999 0.5698412703125 0.60659114375 0.5761904765625 0.593202884375 0.574603175 0.5705458296875 0.5611111109375 0.5550978375 0.5412698406249999 0.5550978375 0.53174603125 0.563336765625 0.5261904765625001 0.575695159375 0.525396825 0.5921730171874999 0.53095238125 0.6045314109375 0.540476190625 0.6148300718749999 0.5611111109375 0.6148300718749999
0 0.18809523749999998 0.326467559375 0.196825396875 0.3161688984375 0.2007936515625 0.30381050468750004 0.1984126984375 0.282183315625 0.1833333328125 0.266735325 0.165873015625 0.267765190625 0.15714285781249998 0.27600411875 0.1515873015625 0.2883625125 0.153174603125 0.3130793 0.15873015937499999 0.3223480953125 0.16904761875000002 0.3295571578125 0.18809523749999998 0.326467559375
0 0.3079365078125 0.1853759015625 0.3079365078125 0.1606591140625 0.3007936515625 0.1483007203125 0.29365079375 0.14315139062499999 0.2761904765625 0.14315139062499999 0.26904761875 0.1483007203125 0.2611111109375 0.162718846875 0.2611111109375 0.1853759015625 0.27460317500000003 0.20288362499999998 0.2952380953125 0.20288362499999998 0.3079365078125 0.1853759015625
0 0.4079365078125 0.21112255468750002 0.41904761874999996 0.189495365625 0.4174603171875 0.1740473734375 0.4119047625 0.162718846875 0.3960317453125 0.1534500515625 0.38015872968750003 0.1585993828125 0.36984127031249997 0.177136971875 0.372222221875 0.2008238921875 0.378571428125 0.21009268749999999 0.3888888890625 0.216271884375 0.4079365078125 0.21112255468750002
0 0.4674603171875 0.2378990734375 0.47539682499999997 0.2306900109375 0.48174603125 0.216271884375 0.48174603125 0.20288362499999998 0.477777778125 0.19155509843750002 0.46666666718750005 0.1802265703125 0.446825396875 0.1802265703125 0.43730158750000003 0.189495365625 0.43333333281249997 0.1987641609375 0.43492063437499995 0.2245108140625 0.4396825390625 0.2327497421875 0.45 0.2399588046875 0.4674603171875 0.2378990734375
0 0.5952380953125 0.1925849640625 0.6007936515625001 0.182286303125 0.6007936515625001 0.157569515625 0.5888888890625 0.1410916578125 0.5722222218749999 0.13903192656250002 0.565079365625 0.1421215234375 0.5539682546875 0.1606591140625 0.5555555562500001 0.184346034375 0.5674603171875 0.1997940265625 0.584920634375 0.2008238921875 0.5952380953125 0.1925849640625
0 0.6428571421875 0.125643665625 0.6539682546875001 0.1081359421875 0.6539682546875001 0.08753862031250001 0.6460317453125 0.072090628125 0.6380952375 0.066941296875 0.61904761875 0.0679711640625 0.6103174609375001 0.077239959375 0.60555555625 0.0895983515625 0.6071428578125 0.11225540625 0.6142857140625 0.123583934375 0.622222221875 0.12873326406250002 0.6428571421875 0.125643665625
0 0.7293650796875 0.138002059375 0.7420634921875 0.1204943359375 0.7420634921875 0.096807415625 0.7357142859375 0.084449021875 0.727777778125 0.078269825 0.7158730156249999 0.0762100921875 0.70634920625 0.079299690625 0.697619046875 0.0885684859375 0.69365079375 0.098867146875 0.6944444437499999 0.12152420156249999 0.7071428578125001 0.138002059375 0.7174603171875 0.1410916578125 0.7293650796875 0.138002059375
0 0.8222222218749999 0.255406796875 0.8293650796875 0.24716786875 0.834126984375 0.2317198765625 0.8333333328125001 0.216271884375 0.8293650796875 0.2070030890625 0.815079365625 0.19567456249999998 0.797619046875 0.1977342953125 0.7880952375 0.20803295624999998 0.7841269843750001 0.2183316171875 0.7833333328125 0.22966014375000002 0.7873015875 0.24510813593749997 0.8039682546875 0.25952626093750003 0.8222222218749999 0.255406796875
0 0.7460317453124999 0.35942327500000004 0.7579365078125 0.33985581875 0.75555555625 0.31513903125 0.7428571421875 0.30072090625 0.7301587296875 0.2986611734375 0.722222221875 0.301750771875 0.7103174609375 0.31719876406249997 0.709523809375 0.3419155515625 0.7230158734375001 0.360453140625 0.7365079359375 0.3625128734375 0.7460317453124999 0.35942327500000004
0 0.6857142859375001 0.502574665625 0.6984126984375 0.483007209375 0.696825396875 0.4593202890625 0.6833333328125 0.44387229687499996 0.6642857140625 0.44490216250000003 0.6507936515625 0.46138002031249997 0.6515873015625 0.4881565390625 0.658730159375 0.49948506718749996 0.6666666671875 0.504634396875 0.6857142859375001 0.502574665625
0 0.47460317500000004 0.35221421249999996 0.484126984375 0.3429454171875 0.48809523749999995 0.33264675625 0.4857142859375 0.3089598359375 0.48253968281250004 0.301750771875 0.47222222187499996 0.294541709375 0.46031746093750003 0.29351184375 0.45079365156250006 0.2976313078125 0.440476190625 0.31513903125 0.440476190625 0.33367662187499997 0.44365079375 0.3419155515625 0.45634920625 0.35427394375 0.47460317500000004 0.35221421249999996
0 0.5396825390625 0.387229659375 0.5380952375 0.3635427390625 0.5269841265624999 0.3491246140625 0.5182539687500001 0.346035015625 0.5039682546875001 0.3491246140625 0.4920634921875 0.3666323375 0.4920634921875 0.3882595265625 0.5047619046875 0.406797115625 0.5269841265624999 0.406797115625 0.5396825390625 0.387229659375
0 0.4626984125 0.42636457187500004 0.4706349203125 0.41194644687500004 0.46904761875 0.385169928125 0.4579365078125 0.37178166875 0.43809523749999996 0.37178166875 0.43174603125 0.37590113281250004 0.4230158734375 0.39134912499999996 0.4230158734375 0.40885684843750003 0.428571428125 0.4222451078125 0.446825396875 0.4356333671875 0.4626984125 0.42636457187500004
0 0.46349206406250004 0.49742533437500003 0.4738095234375 0.4788877453125 0.4706349203125 0.45417095781250005 0.4619047625 0.44284243125 0.4515873015625 0.4376931 0.44603174531249995 0.4376931 0.4357142859375 0.445932028125 0.42698412656249995 0.4624098859375 0.42619047656250003 0.475798146875 0.43015872968749996 0.48918640625 0.44444444375 0.5015447984375 0.46349206406250004 0.49742533437500003
0 0.26825396874999996 0.5726055609375 0.27777777812500004 0.56745623125 0.2888888890625 0.548918640625 0.2896825390625 0.534500515625 0.28492063437500004 0.5211122546875 0.27063492031249997 0.5087538625 0.2507936515625 0.5118434609375 0.24365079375 0.5190525234375001 0.2388888890625 0.5314109171875 0.2380952375 0.5447991765625 0.2428571421875 0.5602471671875 0.25555555625 0.5715756953125 0.26825396874999996 0.5726055609375
0 0.324603175 0.7826982499999999 0.33174603125 0.771369721875 0.33174603125 0.7435633375 0.31904761875 0.7281153453125 0.308730159375 0.7260556125 0.2992063484375 0.7291452109375001 0.290476190625 0.737384140625 0.2865079359375 0.746652934375 0.2865079359375 0.7682801234375 0.2984126984375 0.785787846875 0.315873015625 0.7878475796875 0.324603175 0.7826982499999999