0 0.40396825468750003 0.2976313078125 0.40396825468750003 0.282183315625 0.4 0.2718846546875 0.3888888890625 0.260556128125 0.36825396875 0.26158599374999997 0.35555555625 0.28115345 0.3571428578125 0.3048403703125 0.3730158734375 0.321318228125 0.39365079375 0.3161688984375 0.40396825468750003 0.2976313078125
0 0.484126984375 0.3491246140625 0.5 0.3377960859375 0.49761904687499997 0.301750771875 0.4873015875 0.2904222453125 0.465873015625 0.2904222453125 0.4539682546875 0.30587023750000003 0.453174603125 0.3295571578125 0.4579365078125 0.340885684375 0.465079365625 0.34706488125 0.484126984375 0.3491246140625
0 0.508730159375 0.3810504640625 0.525396825 0.38619979375 0.5373015875 0.380020596875 0.54444444375 0.3707518015625 0.546825396875 0.3491246140625 0.5373015875 0.3295571578125 0.5190476187499999 0.3244078265625 0.5039682546875001 0.33367662187499997 0.4984126984375 0.340885684375 0.4984126984375 0.35942327500000004 0.5015873015625 0.37178166875 0.508730159375 0.3810504640625
0 0.702380953125 0.314109165625 0.7111111109375 0.294541709375 0.7103174609375 0.28115345 0.70555555625 0.26879505625 0.691269840625 0.2584963953125 0.6730158734375 0.262615859375 0.6619047625000001 0.282183315625 0.6619047625000001 0.2966014421875 0.6666666671875 0.3099897015625 0.684126984375 0.321318228125 0.702380953125 0.314109165625
0 0.54444444375 0.1338825953125 0.552380953125 0.1204943359375 0.552380953125 0.0947476828125 0.5412698406249999 0.079299690625 0.5341269843750001 0.0762100921875 0.5182539687500001 0.078269825 0.5111111109375 0.084449021875 0.5047619046875 0.098867146875 0.50634920625 0.12255406875 0.5198412703125 0.138002059375 0.5380952375 0.138002059375 0.54444444375 0.1338825953125
0 0.9230158734374999 0.43872296562499996 0.9325396828124999 0.4294541703125 0.9365079359375 0.419155509375 0.934920634375 0.39340885625 0.9198412703125 0.37796086562500003 0.9 0.380020596875 0.8880952375 0.3985581875 0.8880952375 0.4201853765625 0.896825396875 0.4356333671875 0.9039682546875 0.43975283281250005 0.9230158734374999 0.43872296562499996
0 0.6857142859375001 0.547888775 0.6928571421874999 0.541709578125 0.7 0.5272914515625 0.697619046875 0.502574665625 0.684126984375 0.4881565390625 0.665079365625 0.48918640625 0.6555555562500001 0.49948506718749996 0.6515873015625 0.5097837281250001 0.652380953125 0.5324407828125 0.6603174609375 0.5458290421875 0.6666666671875 0.548918640625 0.6857142859375001 0.547888775
0 0.652380953125 0.59423275 0.659523809375 0.580844490625 0.658730159375 0.556127703125 0.6547619046875 0.5468589078125 0.646825396875 0.5406797109375 0.6269841265625 0.5406797109375 0.61904761875 0.5468589078125 0.6126984125 0.5592173015624999 0.6134920640625 0.582904221875 0.6269841265625 0.5993820796875 0.6452380953125 0.5993820796875 0.652380953125 0.59423275
0 0.6380952375 0.7219361484375 0.646825396875 0.7147270859375 0.6515873015625 0.7033985578124999 0.653174603125 0.6889804328125 0.6492063484374999 0.6766220390625 0.6380952375 0.6642636453125 0.628571428125 0.661174046875 0.61825396875 0.6632337796875001 0.6111111109375 0.6683831109375 0.6039682546875 0.6807415031249999 0.6047619046875 0.7075180234375 0.609523809375 0.7167868171875 0.61825396875 0.7229660140624999 0.6380952375 0.7219361484375
0 0.37619047656250004 0.575695159375 0.39126984062500003 0.5602471671875 0.39206349218750003 0.534500515625 0.3880952375 0.5252317203125 0.3793650796875 0.516992790625 0.35793650781249997 0.516992790625 0.3460317453125 0.5334706484375 0.34444444375 0.54994850625 0.346825396875 0.5602471671875 0.3571428578125 0.573635428125 0.37619047656250004 0.575695159375
0 0.302380953125 0.5314109171875 0.3166666671875 0.516992790625 0.3166666671875 0.49021627187499994 0.3047619046875 0.47270854843750004 0.284126984375 0.47167868124999995 0.27777777812500004 0.475798146875 0.26904761875 0.4912461375 0.26904761875 0.5118434609375 0.27460317500000003 0.524201853125 0.2825396828125 0.5314109171875 0.302380953125 0.5314109171875
0 0.2079365078125 0.3553038109375 0.2071428578125 0.3305870234375 0.2007936515625 0.31925849687499996 0.1928571421875 0.314109165625 0.1730158734375 0.31513903125 0.1611111109375 0.3305870234375 0.1611111109375 0.3573635421875 0.1730158734375 0.372811534375 0.1952380953125 0.372811534375 0.2079365078125 0.3553038109375
0 0.049206348437500005 0.4747682796875 0.059523809375 0.46961895 0.06904761875 0.452111225 0.0674603171875 0.4294541703125 0.055555556250000006 0.4140061796875 0.040476190625000005 0.41194644687500004 0.0333333328125 0.4150360453125 0.021428571875 0.4335736359375 0.0206349203125 0.45005149375000003 0.0238095234375 0.4603501546875 0.0373015875 0.4737384140625 0.049206348437500005 0.4747682796875
1 0.23650793593750002 0.169927909375 0.2484126984375 0.1534500515625 0.2484126984375 0.1277033984375 0.23492063437500002 0.11122554062500001 0.2166666671875 0.110195675 0.20952380937499998 0.1153450046875 0.2015873015625 0.12976313125 0.2015873015625 0.1524201859375 0.215873015625 0.170957775 0.22777777812500002 0.1730175078125 0.23650793593750002 0.169927909375
1 0.184920634375 0.05870236875 0.1888888890625 0.032955715625 0.1857142859375 0.020597321874999998 0.1769841265625 0.010298660937499999 0.1674603171875 0.006179196875 0.1539682546875 0.0082389296875 0.1420634921875 0.020597321874999998 0.1396825390625 0.0278063859375 0.1396825390625 0.0494335734375 0.1507936515625 0.0679711640625 0.172222221875 0.0700308953125 0.184920634375 0.05870236875
1 0.41904761874999996 0.2512873328125 0.4357142859375 0.23686920625000002 0.43730158750000003 0.21009268749999999 0.42698412656249995 0.1925849640625 0.40714285781250004 0.1884655 0.397619046875 0.1936148296875 0.3896825390625 0.2070030890625 0.3880952375 0.22657054531249998 0.3992063484375 0.248197734375 0.40714285781250004 0.2523171984375 0.41904761874999996 0.2512873328125
1 0.6126984125 0.34500515 0.6230158734375 0.327497425 0.6230158734375 0.31204943281249997 0.61904761875 0.30072090625 0.6047619046875 0.2883625125 0.5880952374999999 0.2904222453125 0.5793650796875001 0.299691040625 0.574603175 0.3130793 0.578571428125 0.3377960859375 0.591269840625 0.3491246140625 0.60634920625 0.3491246140625 0.6126984125 0.34500515
1 0.9 0.28733264687500004 0.9111111109375001 0.26879505625 0.9119047625000001 0.2512873328125 0.9079365078125001 0.2389289390625 0.89365079375 0.22657054531249998 0.8746031750000001 0.22966014375000002 0.8626984125 0.248197734375 0.8619047625 0.26467559218750003 0.865079365625 0.274974253125 0.8801587296875001 0.2904222453125 0.9 0.28733264687500004
1 0.54444444375 0.62821833125 0.5515873015625 0.6230690015625 0.559523809375 0.6096807421875 0.559523809375 0.5870236875 0.5539682546875 0.575695159375 0.54444444375 0.56745623125 0.53095238125 0.5653964984375001 0.5198412703125 0.5705458296875 0.5103174609375001 0.5901132859375 0.5126984125 0.61380020625 0.5174603171875 0.6230690015625 0.5261904765625001 0.62821833125 0.54444444375 0.62821833125