0 0.45555555625000005 0.1534500515625 0.46666666718750005 0.1462409890625 0.47460317500000004 0.1246138 0.46904761875 0.0998970140625 0.4547619046875 0.0895983515625 0.4396825390625 0.09062821875 0.4325396828125 0.0957775484375 0.4238095234375 0.11431513906249999 0.4238095234375 0.1277033984375 0.428571428125 0.1410916578125 0.4452380953125 0.1534500515625 0.45555555625000005 0.1534500515625
0 0.65634920625 0.31513903125 0.6539682546875001 0.2904222453125 0.6388888890625 0.27600411875 0.6198412703125 0.2790937171875 0.6087301593750001 0.2966014421875 0.6103174609375001 0.321318228125 0.6261904765625 0.3377960859375 0.646825396875 0.33264675625 0.65634920625 0.31513903125
0 0.3492063484375 0.2976313078125 0.3611111109375 0.282183315625 0.3626984125 0.25952626093750003 0.35793650781249997 0.24613800156250001 0.35 0.2389289390625 0.3293650796875 0.2389289390625 0.3198412703125 0.248197734375 0.315079365625 0.2584963953125 0.315079365625 0.2790937171875 0.32142857187499996 0.2914521109375 0.33015872968750004 0.2986611734375 0.3492063484375 0.2976313078125
0 0.2571428578125 0.2914521109375 0.2634920640625 0.2780638515625 0.26031746093749997 0.2512873328125 0.246825396875 0.2389289390625 0.2301587296875 0.2399588046875 0.22063492031249998 0.248197734375 0.2166666671875 0.2574665296875 0.215873015625 0.28012358437499996 0.22857142812500003 0.2986611734375 0.247619046875 0.299691040625 0.2571428578125 0.2914521109375
0 0.4706349203125 0.48918640625 0.4888888890625 0.4881565390625 0.5015873015625 0.47167868124999995 0.503174603125 0.45417095781250005 0.5007936515625 0.44387229687499996 0.4896825390625 0.4304840375 0.4706349203125 0.4294541703125 0.4619047625 0.4356333671875 0.45555555625000005 0.44696189531249997 0.453174603125 0.456230690625 0.4547619046875 0.46961895 0.46349206406250004 0.484037075 0.4706349203125 0.48918640625
0 0.575396825 0.5973223484375 0.5722222218749999 0.5746652937500001 0.5579365078125 0.561277034375 0.5484126984375 0.5602471671875 0.5365079359375 0.5653964984375001 0.5269841265624999 0.582904221875 0.5293650796875 0.60659114375 0.54444444375 0.622039134375 0.565079365625 0.6168898046875 0.575396825 0.5973223484375
0 0.6412698406249999 0.7559217296875 0.6484126984375 0.7435633375 0.65 0.732234809375 0.646825396875 0.7167868171875 0.6420634921875 0.7085478890625 0.63095238125 0.7013388265625 0.6230158734375 0.700308959375 0.6111111109375 0.705458290625 0.6007936515625001 0.72399588125 0.603174603125 0.7487126671875 0.6166666671875001 0.7621009265625001 0.634126984375 0.7610710609375 0.6412698406249999 0.7559217296875
0 0.45079365156250006 0.7621009265625001 0.46904761875 0.7579814625 0.478571428125 0.746652934375 0.48174603125 0.7363542734374999 0.48015872968749995 0.717816684375 0.465079365625 0.69927909375 0.446825396875 0.700308959375 0.43174603125 0.719876415625 0.43095238125 0.7342945421875 0.434126984375 0.746652934375 0.440476190625 0.7559217296875 0.45079365156250006 0.7621009265625001
0 0.241269840625 0.573635428125 0.2428571421875 0.5592173015624999 0.240476190625 0.547888775 0.22698412656250003 0.5324407828125 0.21190476249999998 0.5314109171875 0.2047619046875 0.53553038125 0.19444444375 0.554067971875 0.1952380953125 0.573635428125 0.2071428578125 0.5911431515625 0.22857142812500003 0.5911431515625 0.241269840625 0.573635428125
1 0.12222222187500001 0.5520082390625001 0.124603175 0.541709578125 0.1230158734375 0.5200823890625 0.10952380937499999 0.504634396875 0.090476190625 0.5056642640625 0.08095238125000001 0.514933059375 0.0769841265625 0.524201853125 0.077777778125 0.547888775 0.090476190625 0.5643666328125 0.1079365078125 0.5653964984375001 0.12222222187500001 0.5520082390625001
1 0.040476190625000005 0.326467559375 0.0484126984375 0.31719876406249997 0.052380953125 0.30587023750000003 0.052380953125 0.2904222453125 0.0484126984375 0.2790937171875 0.034126984375 0.266735325 0.025396825 0.2657054578125 0.0134920640625 0.2708547890625 0.0039682546875000006 0.28733264687500004 0.00555555625 0.31513903125 0.0126984125 0.32543769375 0.0206349203125 0.3295571578125 0.040476190625000005 0.326467559375
1 0.174603175 0.31925849687499996 0.18095238125 0.3089598359375 0.1825396828125 0.2842430484375 0.16984127031250001 0.2657054578125 0.1579365078125 0.262615859375 0.1484126984375 0.2657054578125 0.13571428593749998 0.282183315625 0.134920634375 0.30381050468750004 0.14603174531250002 0.3223480953125 0.165079365625 0.32543769375 0.174603175 0.31925849687499996
1 0.2015873015625 0.4078269828125 0.22063492031249998 0.40370751875 0.23174603125 0.3810504640625 0.22777777812500002 0.35942327500000004 0.21190476249999998 0.346035015625 0.1952380953125 0.3491246140625 0.1833333328125 0.3676622046875 0.1825396828125 0.3810504640625 0.18650793593749998 0.3944387234375 0.1928571421875 0.40370751875 0.2015873015625 0.4078269828125
1 0.2626984125 0.5087538625 0.27460317500000003 0.4912461375 0.27460317500000003 0.470648815625 0.2619047625 0.452111225 0.246825396875 0.45005149375000003 0.2396825390625 0.4531410921875 0.22777777812500002 0.470648815625 0.22857142812500003 0.4933058703125 0.241269840625 0.5097837281250001 0.25555555625 0.5118434609375 0.2626984125 0.5087538625
1 0.41825396875000004 0.4912461375 0.4365079359375 0.48712667343750005 0.44920634843749996 0.465499484375 0.44920634843749996 0.45417095781250005 0.44365079375 0.43975283281250005 0.43015872968749996 0.4294541703125 0.4174603171875 0.4294541703125 0.408730159375 0.43460350156249994 0.4 0.45005149375000003 0.3992063484375 0.465499484375 0.40238095312500005 0.47682801250000006 0.408730159375 0.48609680781250003 0.41825396875000004 0.4912461375
1 0.3896825390625 0.240988671875 0.3992063484375 0.22245108125000002 0.3960317453125 0.1977342953125 0.38095238125 0.184346034375 0.372222221875 0.18331616875 0.3611111109375 0.1884655 0.3507936515625 0.2070030890625 0.35 0.21936148281249998 0.35555555625 0.23686920625000002 0.372222221875 0.248197734375 0.3896825390625 0.240988671875
1 0.95555555625 0.37899073125 0.9666666671874999 0.37487126718749997 0.977777778125 0.3563336765625 0.977777778125 0.33676622031250003 0.9738095234375 0.326467559375 0.9626984125 0.3161688984375 0.9515873015625 0.314109165625 0.9420634921875 0.31719876406249997 0.9333333328125001 0.32543769375 0.9285714281249999 0.3377960859375 0.9293650796874999 0.3573635421875 0.934126984375 0.3686920703125 0.9428571421875 0.3769309984375 0.95555555625 0.37899073125