0 0.4539682546875 0.4273944390625 0.45555555625000005 0.4078269828125 0.453174603125 0.3985581875 0.4396825390625 0.3841400625 0.4230158734375 0.3841400625 0.4142857140625 0.39134912499999996 0.4079365078125 0.40370751875 0.408730159375 0.4273944390625 0.4230158734375 0.44387229687499996 0.440476190625 0.44284243125 0.4539682546875 0.4273944390625
0 0.5674603171875 0.6076210093750001 0.5769841265625 0.5911431515625 0.575396825 0.56745623125 0.5603174609375 0.5509783734375 0.540476190625 0.554067971875 0.5325396828125 0.5623069 0.528571428125 0.5726055609375 0.527777778125 0.5870236875 0.53174603125 0.600411946875 0.5484126984375 0.61380020625 0.5674603171875 0.6076210093750001
0 0.6111111109375 0.796086509375 0.6142857140625 0.785787846875 0.6111111109375 0.76313079375 0.60634920625 0.7548918640625 0.5952380953125 0.7487126671875 0.5761904765625 0.7518022656250001 0.565079365625 0.771369721875 0.5674603171875 0.7950566421875 0.5801587296874999 0.80947476875 0.6 0.8084449015624999 0.6111111109375 0.796086509375
0 0.6801587296875 0.48609680781250003 0.6857142859375001 0.48197734218750005 0.69365079375 0.46652935156249997 0.6920634921875 0.44284243125 0.6785714281249999 0.4273944390625 0.658730159375 0.4284243046875 0.6460317453125 0.445932028125 0.6460317453125 0.4685890828125 0.65 0.477857878125 0.658730159375 0.48609680781250003 0.6801587296875 0.48609680781250003
0 0.709523809375 0.3686920703125 0.724603175 0.35221421249999996 0.7261904765625 0.3305870234375 0.7206349203125 0.31719876406249997 0.7134920640625 0.3099897015625 0.6920634921875 0.3099897015625 0.684920634375 0.31513903125 0.6785714281249999 0.3285272921875 0.6769841265625 0.3419155515625 0.6801587296875 0.353244078125 0.69365079375 0.3686920703125 0.709523809375 0.3686920703125
0 0.94365079375 0.3769309984375 0.9515873015625 0.3686920703125 0.95634920625 0.3553038109375 0.9539682546874999 0.33161688906250003 0.946825396875 0.321318228125 0.9380952375 0.3161688984375 0.9301587296875 0.31513903125 0.9174603171875001 0.32028836250000003 0.9071428578124999 0.3377960859375 0.9079365078125001 0.360453140625 0.915079365625 0.3738414 0.9230158734374999 0.37899073125 0.94365079375 0.3769309984375
0 0.48174603125 0.3573635421875 0.484920634375 0.3491246140625 0.4857142859375 0.33264675625 0.48253968281250004 0.321318228125 0.47142857187500004 0.3099897015625 0.45555555625000005 0.30792996875 0.447619046875 0.31204943281249997 0.43730158750000003 0.3285272921875 0.43730158750000003 0.3501544796875 0.44920634843749996 0.3676622046875 0.47142857187500004 0.3676622046875 0.48174603125 0.3573635421875
0 0.6103174609375001 0.24510813593749997 0.6174603171874999 0.2317198765625 0.6166666671875001 0.2070030890625 0.6047619046875 0.19155509843750002 0.5833333328125 0.19155509843750002 0.5698412703125 0.21112255468750002 0.5706349203125 0.2327497421875 0.5825396828125 0.2492276 0.6023809531250001 0.2502574671875 0.6103174609375001 0.24510813593749997
0 0.665873015625 0.19155509843750002 0.684920634375 0.1884655 0.696825396875 0.1678681765625 0.696825396875 0.1524201859375 0.6928571421874999 0.1410916578125 0.68174603125 0.12976313125 0.665873015625 0.12873326406250002 0.6547619046875 0.13697219375 0.6484126984375 0.150360453125 0.6476190468749999 0.1658084453125 0.6507936515625 0.177136971875 0.6579365078125 0.1874356328125 0.665873015625 0.19155509843750002
0 0.79444444375 0.15962924843749998 0.8111111109375001 0.1462409890625 0.8142857140625 0.1349124609375 0.8134920640625 0.1153450046875 0.803174603125 0.098867146875 0.790476190625 0.0947476828125 0.7793650796875 0.096807415625 0.765873015625 0.11431513906249999 0.7642857140625 0.1349124609375 0.7738095234375 0.1544799171875 0.7825396828125 0.15962924843749998 0.79444444375 0.15962924843749998
0 0.5857142859375 0.1246138 0.5960317453124999 0.11431513906249999 0.6 0.10504634374999999 0.6015873015625 0.09062821875 0.5992063484375 0.079299690625 0.5873015875 0.0638517 0.565079365625 0.0638517 0.55634920625 0.072090628125 0.5515873015625 0.084449021875 0.553174603125 0.1091658078125 0.5619047625 0.12255406875 0.56825396875 0.125643665625 0.5857142859375 0.1246138
0 0.4452380953125 0.2389289390625 0.453174603125 0.2245108140625 0.45238095312500004 0.1936148296875 0.446825396875 0.1874356328125 0.4230158734375 0.184346034375 0.41507936562500003 0.1884655 0.40714285781250004 0.2008238921875 0.40714285781250004 0.22760041250000002 0.41904761874999996 0.24304840312499998 0.43809523749999996 0.2440782703125 0.4452380953125 0.2389289390625
0 0.325396825 0.0751802265625 0.3261904765625 0.050463439062500004 0.31825396875 0.0370751796875 0.3103174609375 0.03192585 0.291269840625 0.032955715625 0.278571428125 0.0494335734375 0.278571428125 0.0762100921875 0.2896825390625 0.091658084375 0.3103174609375 0.0937178171875 0.325396825 0.0751802265625
0 0.075396825 0.20391349062500003 0.0801587296875 0.1936148296875 0.0825396828125 0.182286303125 0.0801587296875 0.16477857812500002 0.0674603171875 0.150360453125 0.047619046875 0.150360453125 0.0373015875 0.1606591140625 0.0333333328125 0.169927909375 0.034126984375 0.1936148296875 0.0452380953125 0.21009268749999999 0.0666666671875 0.21009268749999999 0.075396825 0.20391349062500003
0 0.1547619046875 0.37178166875 0.165873015625 0.36457260625 0.1738095234375 0.346035015625 0.1738095234375 0.33264675625 0.16904761875000002 0.31925849687499996 0.1539682546875 0.3089598359375 0.1420634921875 0.3099897015625 0.13412698437499998 0.31513903125 0.125396825 0.33367662187499997 0.127777778125 0.3563336765625 0.134920634375 0.3666323375 0.14444444375 0.37178166875 0.1547619046875 0.37178166875
0 0.32380952343749997 0.582904221875 0.3333333328125 0.575695159375 0.3396825390625 0.561277034375 0.3373015875 0.5365602468749999 0.322222221875 0.522142121875 0.3119047625 0.5211122546875 0.302380953125 0.5252317203125 0.291269840625 0.54273944375 0.2920634921875 0.5653964984375001 0.3 0.5787847578124999 0.30634920625 0.582904221875 0.32380952343749997 0.582904221875
0 0.0603174609375 0.6642636453125 0.06825396875 0.6580844484374999 0.075396825 0.6446961890625 0.075396825 0.6230690015625 0.065873015625 0.6076210093750001 0.059523809375 0.6035015453125 0.040476190625000005 0.6045314109375 0.0269841265625 0.6240988671875 0.0261904765625 0.6405767250000001 0.030158729687500004 0.65293511875 0.04365079375 0.6652935125 0.0603174609375 0.6642636453125
1 0.21031746093749998 0.2440782703125 0.22063492031249998 0.2378990734375 0.2301587296875 0.216271884375 0.22539682499999997 0.1936148296875 0.2126984125 0.182286303125 0.197619046875 0.182286303125 0.18968253906250002 0.1874356328125 0.18174603125 0.201853759375 0.1833333328125 0.22863027812499997 0.19126984062500002 0.2399588046875 0.1992063484375 0.2440782703125 0.21031746093749998 0.2440782703125
1 0.0452380953125 0.26364572656249996 0.0507936515625 0.2512873328125 0.05 0.22657054531249998 0.0396825390625 0.21112255468750002 0.0166666671875 0.21112255468750002 0.0071428578125 0.22039134843750002 0.003174603125 0.2317198765625 0.0047619046875000005 0.25643666249999997 0.0198412703125 0.2718846546875 0.038095237500000004 0.2698249234375 0.0452380953125 0.26364572656249996
1 0.4079365078125 0.372811534375 0.4206349203125 0.3553038109375 0.4230158734375 0.3429454171875 0.4206349203125 0.32543769375 0.4126984125 0.314109165625 0.40396825468750003 0.3089598359375 0.3928571421875 0.3089598359375 0.38333333281250004 0.314109165625 0.37380952343749996 0.33161688906250003 0.3730158734375 0.34500515 0.3769841265625 0.360453140625 0.3888888890625 0.37178166875 0.4079365078125 0.372811534375
1 0.49126984062499995 0.1884655 0.4952380953125 0.1781668390625 0.49444444374999996 0.157569515625 0.48174603125 0.14006179218749998 0.46904761875 0.138002059375 0.46031746093750003 0.1410916578125 0.447619046875 0.15962924843749998 0.44920634843749996 0.1864057671875 0.4626984125 0.2008238921875 0.48253968281250004 0.1977342953125 0.49126984062499995 0.1884655
1 0.5174603171875 0.1318228625 0.528571428125 0.11431513906249999 0.5293650796875 0.0947476828125 0.5230158734375 0.0813594234375 0.5126984125 0.07312049375 0.49444444374999996 0.0741503609375 0.48174603125 0.09062821875 0.48015872968749995 0.11225540625 0.48650793593749997 0.1266735328125 0.49761904687499997 0.135942328125 0.5174603171875 0.1318228625
1 0.08333333281250001 0.84346035 0.090476190625 0.8393408859375 0.103174603125 0.8187435640625 0.1039682546875 0.805355303125 0.09920634843750001 0.7888774453125 0.0873015875 0.7785787843749999 0.065873015625 0.7806385171875 0.0571428578125 0.7899073125 0.053174603125 0.8002059734375001 0.052380953125 0.8135942328124999 0.0571428578125 0.829042225 0.06984127031250001 0.8424304843750001 0.08333333281250001 0.84346035