1 0.25555555625 0.28733264687500004 0.2666666671875 0.2718846546875 0.2666666671875 0.24613800156250001 0.25952380937499997 0.234809475 0.2515873015625 0.22966014375000002 0.241269840625 0.22863027812499997 0.2301587296875 0.23377960937500003 0.22063492031249998 0.2502574671875 0.21984127031249998 0.2657054578125 0.22301587343749998 0.2770339859375 0.2380952375 0.2904222453125 0.25555555625 0.28733264687500004
1 0.634126984375 0.09062821875 0.634126984375 0.06591143125 0.6206349203125 0.0484037078125 0.6007936515625001 0.0484037078125 0.591269840625 0.057672503124999996 0.5873015875 0.066941296875 0.5880952374999999 0.091658084375 0.6 0.1071060765625 0.621428571875 0.1071060765625 0.634126984375 0.09062821875
1 0.5571428578125001 0.524201853125 0.565079365625 0.514933059375 0.56904761875 0.5015447984375 0.5642857140624999 0.477857878125 0.5515873015625 0.46755921718750004 0.5341269843750001 0.46961895 0.5261904765625001 0.47682801250000006 0.521428571875 0.48918640625 0.5238095234375 0.5128733265625 0.5365079359375 0.5272914515625 0.5484126984375 0.52832131875 0.5571428578125001 0.524201853125
1 0.802380953125 0.5695159624999999 0.8103174609374999 0.5592173015624999 0.8134920640625 0.547888775 0.8103174609374999 0.5262615859374999 0.7952380953125 0.5118434609375 0.775396825 0.515962925 0.765079365625 0.534500515625 0.7642857140625 0.547888775 0.7674603171875 0.5592173015624999 0.7825396828125 0.573635428125 0.802380953125 0.5695159624999999
1 0.05634920624999999 0.8784757984375 0.06349206406249999 0.8733264671875001 0.071428571875 0.8599382078125 0.071428571875 0.8372811531250001 0.065873015625 0.8259526265625 0.0571428578125 0.8187435640625 0.0420634921875 0.8177136968750001 0.03174603125 0.8249227593749999 0.025396825 0.8352214218749999 0.024603174999999998 0.8599382078125 0.0365079359375 0.8774459312499999 0.04444444375 0.8805355296874999 0.05634920624999999 0.8784757984375
0 0.049206348437500005 0.4129763125 0.058730159375 0.39340885625 0.05634920624999999 0.372811534375 0.049206348437500005 0.3614830078125 0.0420634921875 0.3573635421875 0.03095238125 0.3563336765625 0.0206349203125 0.360453140625 0.0103174609375 0.380020596875 0.0126984125 0.40370751875 0.0269841265625 0.41812564375 0.0388888890625 0.41812564375 0.049206348437500005 0.4129763125
0 0.1730158734375 0.6364572609375 0.184920634375 0.6189495359375 0.184920634375 0.5973223484375 0.1730158734375 0.5798146234375 0.1539682546875 0.5787847578124999 0.140476190625 0.59423275 0.13888888906250002 0.6179196703125001 0.14365079375 0.6292481984375 0.152380953125 0.6374871265625 0.1730158734375 0.6364572609375
0 0.2992063484375 0.5592173015624999 0.3103174609375 0.547888775 0.3142857140625 0.5365602468749999 0.3103174609375 0.5118434609375 0.2984126984375 0.5005149328125 0.278571428125 0.502574665625 0.26746031718749996 0.5200823890625 0.26825396874999996 0.543769309375 0.27460317500000003 0.554067971875 0.2825396828125 0.5592173015624999 0.2992063484375 0.5592173015624999
0 0.4238095234375 0.7981462406250001 0.4396825390625 0.7847579812500001 0.44285714218749994 0.7723995875 0.4420634921875 0.7590113281249999 0.4388888890625 0.7487126671875 0.42936507968750004 0.739443871875 0.408730159375 0.739443871875 0.3960317453125 0.756951596875 0.3960317453125 0.7785787843749999 0.403174603125 0.7919670437499999 0.41111111093749997 0.797116375 0.4238095234375 0.7981462406250001
0 0.5238095234375 0.7353244078125 0.5325396828125 0.72399588125 0.5333333328125 0.698249228125 0.521428571875 0.6817713703125 0.5047619046875 0.6797116375 0.4896825390625 0.6941297625 0.4873015875 0.717816684375 0.49761904687499997 0.7353244078125 0.515079365625 0.739443871875 0.5238095234375 0.7353244078125
0 0.70634920625 0.7167868171875 0.7134920640625 0.705458290625 0.7150793656250001 0.6869207 0.7126984125 0.6766220390625 0.6992063484375 0.6622039140625 0.6785714281249999 0.6642636453125 0.6674603171875 0.6817713703125 0.66825396875 0.7044284249999999 0.6801587296875 0.719876415625 0.6992063484375 0.7209062828125 0.70634920625 0.7167868171875
0 0.5507936515625 0.6076210093750001 0.5571428578125001 0.602471678125 0.5642857140624999 0.588053553125 0.5634920640625001 0.5695159624999999 0.559523809375 0.5602471671875 0.5484126984375 0.54994850625 0.5293650796875 0.5520082390625001 0.5190476187499999 0.56745623125 0.5182539687500001 0.5901132859375 0.528571428125 0.60659114375 0.5373015875 0.6096807421875 0.5507936515625 0.6076210093750001
0 0.508730159375 0.4479917609375 0.527777778125 0.451081359375 0.540476190625 0.43975283281250005 0.54444444375 0.4304840375 0.54444444375 0.41091658124999997 0.5357142859375 0.3954685890625 0.5134920640625 0.39237899062500003 0.5023809531250001 0.40370751875 0.49761904687499997 0.4150360453125 0.49761904687499997 0.42430484062499996 0.5023809531250001 0.4407826984375 0.508730159375 0.4479917609375
0 0.9238095234375001 0.2399588046875 0.934920634375 0.2245108140625 0.934920634375 0.1987641609375 0.9325396828124999 0.19155509843750002 0.922222221875 0.18125643593750002 0.9007936515624999 0.18125643593750002 0.8880952375 0.1987641609375 0.8880952375 0.22245108125000002 0.9 0.2399588046875 0.9079365078125001 0.24304840312499998 0.9238095234375001 0.2399588046875
0 0.5539682546875 0.1277033984375 0.5634920640625001 0.12152420156249999 0.5722222218749999 0.0998970140625 0.565079365625 0.0751802265625 0.552380953125 0.066941296875 0.5349206343749999 0.0710607625 0.5238095234375 0.0885684859375 0.5261904765625001 0.11431513906249999 0.5333333328125 0.123583934375 0.54365079375 0.12873326406250002 0.5539682546875 0.1277033984375
0 0.5174603171875 0.177136971875 0.5174603171875 0.1483007203125 0.50555555625 0.1338825953125 0.48333333281249996 0.135942328125 0.47222222187499996 0.1534500515625 0.47222222187499996 0.1730175078125 0.48253968281250004 0.189495365625 0.5023809531250001 0.1925849640625 0.5174603171875 0.177136971875
0 0.44126984062499996 0.0947476828125 0.45238095312500004 0.0803295578125 0.4547619046875 0.0617919671875 0.447619046875 0.04428424375 0.4388888890625 0.0370751796875 0.41904761874999996 0.038105046875 0.4079365078125 0.052523171874999997 0.40714285781250004 0.0803295578125 0.41904761874999996 0.0957775484375 0.434126984375 0.09783728124999999 0.44126984062499996 0.0947476828125
0 0.4174603171875 0.30792996875 0.43174603125 0.295571575 0.43492063437499995 0.2842430484375 0.434126984375 0.2698249234375 0.424603175 0.2523171984375 0.4079365078125 0.248197734375 0.4015873015625 0.2502574671875 0.3960317453125 0.253347065625 0.3880952375 0.266735325 0.3873015875 0.28733264687500004 0.3960317453125 0.30381050468750004 0.4079365078125 0.3089598359375 0.4174603171875 0.30792996875